 22   00:18:55   1543      0   20:52:49   8598      0
 21   00:17:59   1825      0   21:01:47  12634      0
 20   01:11:05   2555      0   01:14:53   2387      0
 19   22:07:01   8273      0   22:45:08   8075      0
 18   18:28:03  11821      0   18:34:07  11608      0
 17   01:14:57   4686      0   01:24:26   4030      0
 16   01:47:51   3688      0   02:21:54   3674      0
 15   01:28:33   5140      0   02:28:34   4717      0
 14   00:43:08   6756      0   01:40:02   4886      0
 13   00:54:17   5923      0   01:43:21   7657      0
 12   01:30:31   6363      0   01:47:58   5558      0
 11   00:26:27   2099      0   00:31:44   2240      0
 10   00:33:21   6750      0   00:43:31   5624      0
  9   00:39:55   8033      0   01:04:49   5288      0
  8   00:43:26   9840      0   03:28:06   9899      0
  7   00:18:01   7463      0   00:48:00   9914      0
  6   00:13:30   4583      0   02:09:40  11318      0
  5   00:37:25   5116      0   00:51:27   4341      0
  4   01:18:25   7514      0   01:29:40   6606      0
  3   00:22:33   7929      0   00:51:51   5644      0
  2   18:07:49  95547      0   18:17:19  91739      0
  1   14:58:52  81940      0   15:16:58  72433      0